32 32

  0   0   0   0   1   1   1   2   2   2   1   1   1   0   2   3   2   3   0   1   1   1   2   2   2   1   1   1   0   0   0   0
  0   2   2   0   1   1   1   2   2   2   1   1   1   0   3   2   3   2   0   1   1   1   2   2   2   1   1   1   0   2   2   0
  0   2   2   0   1   1   1   3   3   3   1   1   1   0   2   3   2   3   0   1   1   1   3   3   3   1   1   1   0   2   2   0
  0   0   0   0   4   4   4   5   5   5   4   4   4   0   3   2   3   2   0   4   4   4   5   5   5   4   4   4   0   0   0   0
  6   6   6   4   4   7   7   8   9  10   4   8   4   0   0   0   0   0   0   4  10  10   4   7   7   8   4   4   4   6   6   6
  6   6   6   4   8   8   8   4  10   4   7   4   4   4   5   5   5   5   4   4   8   7   4  10   4   4   8   8   4   6   6   6
  6   6   6   4   9   4   7   4  10   4   9   8   8   4   5   5   5   5   4   4  10   4   4   4   7   7   7   4   4   6   6   6
  2   2   3  11   4   7  10   8   9   4   9   8   8  11   3   2   2   3  11   4   4   4   4  10   7   8  10   4  11   3   2   2
  2   2   3  11   4   9   7   8   9   4   8   9   7  11   3   2   2   3  11  10   4   4   4   7   7   7   4   4  11   3   2   2
  2   2   3  11   7   7   7   7   7   7   9   4   7  11   3   3   3   3  11   7   7  10   4   7   4   4   4  10  11   3   2   2
  6   6   6   4   4   4   4   9   7   7   4   4   7   9   5   5   5   5   4   7   7   7   4   4  10   7   7   8   4   6   6   6
  6   6   6   4   8   9  10   7   7   8   7   8   9   4   4   4   4   4   4   8   8   8   7   7  10   7   7   7   4   6   6   6
  6   6   6   4   4   4   8   4   7   7   8   4   4   4  12  12  12  12   4   4   8   4   4  10   8   8   4   4   4   6   6   6
  0   0   0   0   0   4   4   4   4   4   4   4   4  13  14   0   0  14  15   4   4   4   4   4   4   4   4   0   0   0   0   0
  2   3   2   3   0  16  17  17  17  17  17  18  11  14   0   3   3   0  14  11  16  17  17  17  17  17  18   0   2   3   2   3
  3   2   3   2   0  16   4   4  19   4  19  18  11   0   3   2   2   3   0  11  16   4  19   4  19   4  18   0   3   2   3   2
  2   3   2   3   0  16  19   4   4  19   4  18  11   0   3   2   2   3   0  11  16  19   4   4  19  19  18   0   2   3   2   3
  3   2   3   2   0  16  20  20  20  20  20  18  11  14   0   3   3   0  14  11  16  20  20  20  20  20  18   0   3   2   3   2
  0   0   0   0   0   4   4   4   4   4   4   4   4  21  14   0   0  14  22   4   4   4   4   4   4   4   4   0   0   0   0   0
  6   6   6   4   4   4   8   4   9   8   8   8   4   4  23  23  23  23   4   4  10   8   4  10   8   8   4   4   4   6   6   6
  6   6   6   4   4   7   4   9   9   9   4   8  10   4   4   4   4   4   4   8   7   4   4   4   8   8   8   7   4   6   6   6
  6   6   6   4   8   4   7   4   9   9   8   4   8   9   5   5   5   5   8  10   7   8   4   7   9   9  10   7   4   6   6   6
  2   2   3  11   4   7   4   8   4   9   8   8   7  11   3   3   3   3  11   7   8   4   7   7   4   4   8   7  11   3   2   2
  2   2   3  11   8   7   7   9   9   4   4   8   8  11   3   2   2   3  11   4   4  10   7   7  10   4   4   4  11   3   2   2
  2   2   3  11   8   9   9   9   8   4   4   7   9  11   3   2   2   3  11   8   8   4   4   7   4   4   4   7  11   3   2   2
  6   6   6   4   7   7   9   4   8   4   7   7   8   4   5   5   5   5   4   8   7   7   7   4   4   4   7   7   4   6   6   6
  6   6   6   4   8   7   4   4   9   4   4   8   4   4   5   5   5   5   4   4   8   7   8   4   4   8  10   8   4   6   6   6
  6   6   6   4   4   8   8   9   4   8   7   8   4   0   0   0   0   0   0   4   7   7   7   4   7   7   8   4   4   6   6   6
  0   0   0   0   4   4   4   5   5   5   4   4   4   0   2   3   2   3   0   4   4   4   5   5   5   4   4   4   0   0   0   0
  0   2   2   0   1   1   1   3   3   3   1   1   1   0   3   2   3   2   0   1   1   1   3   3   3   1   1   1   0   2   2   0
  0   2   2   0   1   1   1   2   2   2   1   1   1   0   2   3   2   3   0   1   1   1   2   2   2   1   1   1   0   2   2   0
  0   0   0   0   1   1   1   2   2   2   1   1   1   0   3   2   3   2   0   1   1   1   2   2   2   1   1   1   0   0   0   0

 0  0  0  0  0  0  0  0  0  0  0  0  0  0  0  0  0  0  0  0  0  0  0  0  0  0  0  0  0  0  0  0
 0  0  0  0  0  0  0  0  0  0  0  0  0  0  0  0  0  0  0  0  0  0  0  0  0  0  0  0  0  0  0  0
 0  0  0  0  0  0  0  0  0  0  0  0  0  0  0  0  0  0  0  0  0  0  0  0  0  0  0  0  0  0  0  0
 0  0  0  0  1  1  1  0  0  0  1  1  1  0  0  0  0  0  0  1  1  1  0  0  0  1  1  1  0  0  0  0
 0  0  0  1  1  0  0  0  0  0  0  0  1  0  0  0  0  0  0  1  0  0  0  0  0  0  0  1  1  0  0  0
 0  0  0  1  0  0  0  0  0  0  0  0  1  1  0  0  0  0  1  1  0  0  0  0  0  0  0  0  1  0  0  0
 0  0  0  1  0  0  0  0  0  0  0  0  0  1  0  0  0  0  1  0  0  0  0  0  0  0  0  0  1  0  0  0
 0  0  0  0  0  0  0  0  0  0  0  0  0  0  0  0  0  0  0  0  0  0  0  0  0  0  0  0  0  0  0  0
 0  0  0  0  0  0  0  0  0  0  0  0  0  0  0  0  0  0  0  0  0  0  0  0  0  0  0  0  0  0  0  0
 0  0  0  0  0  0  0  0  0  0  0  0  0  0  0  0  0  0  0  0  0  0  0  0  0  0  0  0  0  0  0  0
 0  0  0  1  0  0  0  0  0  0  0  0  0  0  0  0  0  0  0  0  0  0  0  0  0  0  0  0  1  0  0  0
 0  0  0  1  0  0  0  0  0  0  0  0  0  1  1  1  1  1  1  0  0  0  0  0  0  0  0  0  1  0  0  0
 0  0  0  1  1  1  0  0  0  0  0  0  1  1  0  0  0  0  1  1  0  0  0  0  0  0  1  1  1  0  0  0
 0  0  0  0  0  1  1  1  1  1  1  1  1  0  0  0  0  0  0  1  1  1  1  1  1  1  1  0  0  0  0  0
 0  0  0  0  0  0  0  0  0  0  0  0  0  0  0  0  0  0  0  0  0  0  0  0  0  0  0  0  0  0  0  0
 0  0  0  0  0  0  0  0  0  0  0  0  0  0  0  0  0  0  0  0  0  0  0  0  0  0  0  0  0  0  0  0
 0  0  0  0  0  0  0  0  0  0  0  0  0  0  0  0  0  0  0  0  0  0  0  0  0  0  0  0  0  0  0  0
 0  0  0  0  0  0  0  0  0  0  0  0  0  0  0  0  0  0  0  0  0  0  0  0  0  0  0  0  0  0  0  0
 0  0  0  0  0  1  1  1  1  1  1  1  1  0  0  0  0  0  0  1  1  1  1  1  1  1  1  0  0  0  0  0
 0  0  0  1  1  1  0  0  0  0  0  0  1  1  0  0  0  0  1  1  0  0  0  0  0  0  1  1  1  0  0  0
 0  0  0  1  0  0  0  0  0  0  0  0  0  1  1  1  1  1  1  0  0  0  0  0  0  0  0  0  1  0  0  0
 0  0  0  1  0  0  0  0  0  0  0  0  0  0  0  0  0  0  0  0  0  0  0  0  0  0  0  0  1  0  0  0
 0  0  0  0  0  0  0  0  0  0  0  0  0  0  0  0  0  0  0  0  0  0  0  0  0  0  0  0  0  0  0  0
 0  0  0  0  0  0  0  0  0  0  0  0  0  0  0  0  0  0  0  0  0  0  0  0  0  0  0  0  0  0  0  0
 0  0  0  0  0  0  0  0  0  0  0  0  0  0  0  0  0  0  0  0  0  0  0  0  0  0  0  0  0  0  0  0
 0  0  0  1  0  0  0  0  0  0  0  0  0  1  0  0  0  0  1  0  0  0  0  0  0  0  0  0  1  0  0  0
 0  0  0  1  0  0  0  0  0  0  0  0  1  1  0  0  0  0  1  1  0  0  0  0  0  0  0  0  1  0  0  0
 0  0  0  1  1  0  0  0  0  0  0  0  1  0  0  0  0  0  0  1  0  0  0  0  0  0  0  1  1  0  0  0
 0  0  0  0  1  1  1  0  0  0  1  1  1  0  0  0  0  0  0  1  1  1  0  0  0  1  1  1  0  0  0  0
 0  0  0  0  0  0  0  0  0  0  0  0  0  0  0  0  0  0  0  0  0  0  0  0  0  0  0  0  0  0  0  0
 0  0  0  0  0  0  0  0  0  0  0  0  0  0  0  0  0  0  0  0  0  0  0  0  0  0  0  0  0  0  0  0
 0  0  0  0  0  0  0  0  0  0  0  0  0  0  0  0  0  0  0  0  0  0  0  0  0  0  0  0  0  0  0  0
