50 50

 42  25  25  25  25  25  25  25  25  25  25  25  25  25  25  25  25  25  25  25  25  25  25  25  25  25  25  25  25  25  25  25  25  25  25  25  25  25  25  25  25  25  25  25  25  25  25  25  25  25
 42  25  25  25  25  25  25  25  25  25  25  25  25  25  25  25  25  25  25  25  25  25  25  25  25  25  25  25  25  25  25  25  25  25  25  25  25  25  25  25  25  25  25  25  25  25  25  25  25  25
 42  25  25  25  25  25  25  25  25  25  25  25  25  25  25  25  25  25  25  25  25  25  25  25  25  25  25  25  25  25  25  25  25  25  25  25  25  25  25  25  25  25  25  25  25  25  25  25  25  25
 36  38  25  25  25  25  25  25  25  25  25  25  25  25  25  25  25  25  25  25  25  25  25  25  25  25  25  25  25  25  25  25  25  25  25  25  25  25  25  25  25  25  25  25  25  25  25  25  25  25
 35  42  25  25  25  25  25  25  25  25  25  25  25  25  25  25  25  25  25  25  25  25  25  25  25  25  25  25  25  25  25  25  25  25  25  25  25  25  25  25  25  25  25  25  25  25  25  25  25  25
 35  42  25  25  25  25  25  25  25  25  25  25  25  25  25  25  25  25  25  25  25  25  25  25  25  25  25  25  25  25  25  25  25  25  25  25  25  25  25  25  25  25  25  25  25  25  25  25  25  25
 35  36  38  25  25  25  25  25  25  25  25  25  25  25  25  25  25  25  25  25  25  25  25  25  25  25  25  25  25  25  25  25  25  25  25  25  25  25  25  25  25  25  25  25  25  25  25  25  25  25
 35  35  42  25  25  25  25  25  25  25  25  25  25  25  25  25  25  25  25  25  25  25  25  25  25  25  25  25  25  25  25  25  25  25  25  25  25  25  25  25  25  25  25  25  25  25  25  25  25  25
 35  35  36  38  25  25  25  25  25  25  25  25  25  25  25  25  25  25  25  25  25  25  25  25  25  25  25  25  25  25  25  25  25  25  25  25  25  25  25  25  25  25  25  25  25  25  25  25  25  25
 35  35  35  36  38  25  25  25  25  25  25  25  25  25  25  25  25  25  25  25  25  25  25  25  25  25  25  25  25  25  25  25  25  25  25  25  25  25  25  25  25  25  25  25  25  25  25  25  25  25
 35  35  35  35  36  38  25  25  25  25  25  25  25  25  25  25  25  25  25  25  25  25  25  25  25  25  25  25  25  25  25  25  25  25  25  25  25  25  25  25  25  25  25  25  25  25  25  25  25  25
 35  35  35  35  35  36  38  25  92  25  25  25  25  92  25  25  25  25  25  25  25  25  25  25  25  25  25  25  25  25  25  25  25  25  25  25  25  25  25  25  25  25  25  25  25  25  25  25  25  25
 35  35  35  35  35  35  36  37  95   5   5   5   5  95  25  25  25  25  25  25  25  25  25  25  25  25  25  25  25  25  25  25  25  25  25  25  25  25  25  25  25  25  25  25  25  25  25  25  25  25
 35  35  35  35  35  35  35  35  95   5   5   5   5  95  37  37  38  25  25  25  25  25  25  25  25  25  25  25  25  25  25  25  25  25  25  25  25  25  25  25  25  25  25  25  25  25  25  25  25  25
 35  35  35  35  35  35  35  35  95   5   5   5   5  95  35  35  36  37  38  25  25  25  25  25  25  25  25  25  25  25  25  25  25  25  25  25  25  25  25  25  25  25  25  25  25  25  25  25  25  25
 35  35  35  35  35  35  35  35  95   5   5   5   5  95  35  35  35  35  36  38  25  25  25  25  25  25  25  25  25  25  25  25  25  25  25  25  25  25  25  25  25  25  25  25  25  25  25  25  25  25
 35  35  35  35  35  35  35  35  95   5   5   5   5  95  35  35  35  35  35  36  38  25  25  25  25  25  25  25  25  25  25  25  25  25  25  25  25  25  25  25  25  25  25  25  25  25  25  25  25  25
 96  96  96  96  97  35  35  35  95   5   5   5   5  95  35  35  35  35  35  35  36  37  38  25  25  25  25  25  25  25  25  25  25  25  25  25  25  25  25  25  25  25  25  25  25  25  25  25  25  25
 98  98  98  98  99  96  96  96  95   5   5   5   5  95  96  97  35  35  35  35  35  35  36  37  38  25  25  25  25  25  25  25  25  25  25  25  25  25  25  25  25  25  25  25  25  25  25  25  25  25
 98  98  98  98  98  98  98  98  94   5   5   5   5  94  98  99  97  35  35  35  35  35  35  35  36  37  37  37  37  37  37  38  25  25  25  25  25  25  25  25  25  25  25  25  25  25  25  25  25  25
 98  98  98  98  98  98  98  98  98  98 100 101  98  98  98  98  99  96  96  96  97  35  35  35  35  35  35  35  35  35  35  36  37  38  25  25  25  25  25  25  25  25  25  25  25  25  25  25  25  25
 98  98  98  98  98  98  98  98  98  98 100 101  98  98  98  98  98  51  54  98  99  97  35  35  35  35  35  35  35  35  35  35  35  36  38  25  25  25  25  25  25  25  25  25  25  25  25  25  25  25
 98  51  52  53  54  98  98  98  98  98 100 101  98  98  98  51  52  56  57  53  54 102  35  35  35  35  35  35  35  35  35  35  35  35  42  25  25  25  25  25  25  25  25  25  25  25  25  25  25  25
 98  55  56  57  58  98  98  98 103  98 100 101  98 103  98  55  56  56 104  57  58  99  97  35  35  35  35  35  35  35  35  35  35  35  36  38  25  25  25  25  25  25  25  25  25  25  25  25  25  25
 98  55  56  57 105  53  54  98 106  98 100 101  98 106  98  55  56  56 107  57  58  98 102  35  35  35  35  35  35  35  35  35  35  35  35  36  38  25  25  25  25  25  25  25  25  25  25  25  25  25
 98  55  56  57  56  57  58  98 103  98 100 101  98 103  98  55  56 108 109  57  58  98 102  35  35  35  35  35  35  35  35  35  35  35  35  35  42  25  25  25  25  25  25  25  25  25  25  25  25  25
 98  55  56  57 107  62  63  98 106  98 100 101  98 106  98  60  61 110 110  62  63  98  99  97  35  35  35  35  35  35  35  35  35  35  35 111 112  25  25  25  25  25  25  25  25  25  25  25  25  25
 98  60  61  62 109 113 113  98 103  98 100 101  98 103  98 113 113  83  84 113 113  98  98  99  97  35  35  35  35  35  35  35  35  35 111 112  25  25  25  25  25  25  25  25  25  25  25  25  25  25
 98 113 113  83 113  98  98  98 106  98 100 101  98 106  98  98 114 100 101  98  98  98  98  98 115  93  93  93  93  93  93  93  93  93 116  25  25  25  25  25  25  25  25  25  25  25  25  25  25  25
 98  98  98  98  98  98  98  98  98 100  14  14 101  98  98  98  98 100 101  98  98  98  98  98  11  11  11  11  11  11  11  11  11  11  11  25  25  25  25  25  25  25  25  25  25  25  25  25  25  25
100 100 100 100 100 100 100 100 100  14  14  14  14 100 100 100 100 100 100 100 100 100 100 101  11  11  11  11  11  11  11  11  11  11  11  25  25  25  25  25  25  25  25  25  25  25  25  25  25  25
100 100 100 100 100 100 100 100 100  14  14  14  14 100 100 100 100 100 100 100 100 100 100 101  11  11  11  11  11  11  11  11  11  11  11  25  25  25  25  25  25  25  25  25  25  25  25  25  25  25
 25  25  25  25  25  25  25  25  25 100  14  14 101  25  25  25  25  25  25  25  25  25  25  25  11  11  11  11  11  11  11  11  11  11  11  25  25  25  25  25  25  25  25  25  25  25  25  25  25  25
 25  25  25  25  25  25  25  25 103  25 100 101  25 103  25  25  25  25  25  25  25  25  25  25 115  93  93  93  93  93  93  93  93  93 116  25  25  25  25  25  25  25  25  25  25  25  25  25  25  25
117 117 117 117 117 117 118  25 106  25 100 101  25 106  25 119 117 117 117 117  25  25  25  25 102 120 121 120 121 120 121 120 121 120 122  25  25  25  25  25  25  25  25  25  25  25  25  25  25  25
103  25 103  25  25 103 123  25 103  25 100 101  25 103  25 123 103  25 103  25  25  25  25  25  99  97 120 120 120 120 120 120 120 120 122  25  25  25  25  25  25  25  25  25  25  25  25  25  25  25
106 103 106 103  25 106 123  25 106  25 100 101  25 106  25 123 106 103 106 103  25  25  25  25  25 102 120 120 120 120 120 120 120 111 112  25  25  25  25  25  25  25  25  25  25  25  25  25  25  25
 25 106 103 106 103 103 123  25 103  25 100 101  25 103  25 123 103 106 103 106  25  25  25  25 124 125 120 120 120 120 120 120 120 122  25  25  25  25  25  25  25  25  25  25  25  25  25  25  25  25
103 103 106 103 106 106 123  25 106  25 100 101  25 106  25 123 106  25 106  25  25  25  25  25 102 120 120 120 120 120 120 120 120 122  25  25  25  25  25  25  25  25  25  25  25  25  25  25  25  25
106 106 103 106  25 103 123  25 103  25 100 101  25 103  25 123 103  25  25  25  25  25  25  25 102 120 120 120 120 120 120 120 120 122  25  25  25  25  25  25  25  25  25  25  25  25  25  25  25  25
103  25 106  25  25 106 126  25 106  25 100 101  25 106  25 126 106  25  25  25  25  25  25 124 125 120 120 120 120 120 120 120 111 112  25  25  25  25  25  25  25  25  25  25  25  25  25  25  25  25
106 103  25  25  25  25  25  25  25  25 100 127  25  25  25  25  25  25  25 127  25  25  25 102 120 120 120 120 120 120 120 111 112  25  25  25  25  25  25  25  25  25  25  25  25  25  25  25  25  25
103 106  25  25  25  25  25  25  25  25 127 100  25  25  25  25  25  25 127 127  25  25 103 102 120 120 120 120 120 120 120 122  98  25  25  25  25  25  25  25  25  25  25  25  25  25  25  25  25  25
106  25 127 127  25 127 127 127 100 127 127  25  25  25 127 127 127 127 127 127  25  25 106 102 120 120 120 120 120 120 120 128 129  25  25  25  25  25  25  25  25  25  25  25  25  25  25  25  25  25
103  25  25 127 127 127 127 127 127  25 127 127 127 127 127 127  25  25 127  25  25 103 124 125 120 120 120 120 120 120 120 120 128 130 129  25  25  25  25  25  25  25  25  25  25  25  25  25  25  25
106 103  25 103  25  25 127  25  25  25 100 127 127 127 127  25  25 127  25  25 103 106 102 120 120 120 120 120 120 120 120 120 120 120 128 129  25  25  25  25  25  25  25  25  25  25  25  25  25  25
103 106  25 106 103  25  25  25 127 127  25  25  25 127  25  25 127  25  25  25 106 124 125 120 120 120 120 120 120 120 120 120 120 120 120 122  25  25  25  25  25  25  25  25  25  25  25  25  25  25
106  25  25 103 106 103  25  25 103 127 103  25 103  25  25  25  25 103  25  25 103 102 120 120 120 120 120 120 120 120 120 120 120 120 120 128 130 130 129  25  25  25  25  25  25  25  25  25  25  25
 25  25 103 106 103 106 103 103 106 103 106 103 106 103 103  25 103 106  25 103 106 102 120 120 120 120 120 120 120 120 120 120 120 120 120 120 120 120 128 130 130 130 129  25  25  25  25  25  25  25
 25 103 106 103 106 103 106 106 103 106 103 106 103 106 106 103 106 103 103 106 103 102 120 120 120 120 120 120 120 120 120 120 120 120 120 120 120 120 120 120 120 120 122  25  25  25  25  25  25  25

 1  0  0  0  0  0  0  0  0  0  0  0  0  0  0  0  0  0  0  0  0  0  0  0  0  0  0  0  0  0  0  0  0  0  0  0  0  0  0  0  0  0  0  0  0  0  0  0  0  0
 1  0  0  0  0  0  0  0  0  0  0  0  0  0  0  0  0  0  0  0  0  0  0  0  0  0  0  0  0  0  0  0  0  0  0  0  0  0  0  0  0  0  0  0  0  0  0  0  0  0
 1  0  0  0  0  0  0  0  0  0  0  0  0  0  0  0  0  0  0  0  0  0  0  0  0  0  0  0  0  0  0  0  0  0  0  0  0  0  0  0  0  0  0  0  0  0  0  0  0  0
 1  1  0  0  0  0  0  0  0  0  0  0  0  0  0  0  0  0  0  0  0  0  0  0  0  0  0  0  0  0  0  0  0  0  0  0  0  0  0  0  0  0  0  0  0  0  0  0  0  0
 0  1  0  0  0  0  0  0  0  0  0  0  0  0  0  0  0  0  0  0  0  0  0  0  0  0  0  0  0  0  0  0  0  0  0  0  0  0  0  0  0  0  0  0  0  0  0  0  0  0
 0  1  0  0  0  0  0  0  0  0  0  0  0  0  0  0  0  0  0  0  0  0  0  0  0  0  0  0  0  0  0  0  0  0  0  0  0  0  0  0  0  0  0  0  0  0  0  0  0  0
 0  1  1  0  0  0  0  0  0  0  0  0  0  0  0  0  0  0  0  0  0  0  0  0  0  0  0  0  0  0  0  0  0  0  0  0  0  0  0  0  0  0  0  0  0  0  0  0  0  0
 0  0  1  0  0  0  0  0  0  0  0  0  0  0  0  0  0  0  0  0  0  0  0  0  0  0  0  0  0  0  0  0  0  0  0  0  0  0  0  0  0  0  0  0  0  0  0  0  0  0
 0  0  1  1  0  0  0  0  0  0  0  0  0  0  0  0  0  0  0  0  0  0  0  0  0  0  0  0  0  0  0  0  0  0  0  0  0  0  0  0  0  0  0  0  0  0  0  0  0  0
 0  0  0  1  1  0  0  0  0  0  0  0  0  0  0  0  0  0  0  0  0  0  0  0  0  0  0  0  0  0  0  0  0  0  0  0  0  0  0  0  0  0  0  0  0  0  0  0  0  0
 0  0  0  0  1  1  0  0  0  0  0  0  0  0  0  0  0  0  0  0  0  0  0  0  0  0  0  0  0  0  0  0  0  0  0  0  0  0  0  0  0  0  0  0  0  0  0  0  0  0
 0  0  0  0  0  1  1  0  1  0  0  0  0  1  0  0  0  0  0  0  0  0  0  0  0  0  0  0  0  0  0  0  0  0  0  0  0  0  0  0  0  0  0  0  0  0  0  0  0  0
 0  0  0  0  0  0  1  1  1  0  0  0  0  1  0  0  0  0  0  0  0  0  0  0  0  0  0  0  0  0  0  0  0  0  0  0  0  0  0  0  0  0  0  0  0  0  0  0  0  0
 0  0  0  0  0  0  0  0  1  0  0  0  0  1  1  1  1  0  0  0  0  0  0  0  0  0  0  0  0  0  0  0  0  0  0  0  0  0  0  0  0  0  0  0  0  0  0  0  0  0
 0  0  0  0  0  0  0  0  1  0  0  0  0  1  0  0  1  1  1  0  0  0  0  0  0  0  0  0  0  0  0  0  0  0  0  0  0  0  0  0  0  0  0  0  0  0  0  0  0  0
 0  0  0  0  0  0  0  0  1  0  0  0  0  1  0  0  0  0  1  1  0  0  0  0  0  0  0  0  0  0  0  0  0  0  0  0  0  0  0  0  0  0  0  0  0  0  0  0  0  0
 0  0  0  0  0  0  0  0  1  0  0  0  0  1  0  0  0  0  0  1  1  0  0  0  0  0  0  0  0  0  0  0  0  0  0  0  0  0  0  0  0  0  0  0  0  0  0  0  0  0
 1  1  1  1  1  0  0  0  1  0  0  0  0  1  0  0  0  0  0  0  1  1  1  0  0  0  0  0  0  0  0  0  0  0  0  0  0  0  0  0  0  0  0  0  0  0  0  0  0  0
 0  0  0  0  1  1  1  1  1  0  0  0  0  1  1  1  0  0  0  0  0  0  1  1  1  0  0  0  0  0  0  0  0  0  0  0  0  0  0  0  0  0  0  0  0  0  0  0  0  0
 0  0  0  0  0  0  0  0  1  0  0  0  0  1  0  1  1  0  0  0  0  0  0  0  1  1  1  1  1  1  1  1  0  0  0  0  0  0  0  0  0  0  0  0  0  0  0  0  0  0
 0  0  0  0  0  0  0  0  0  0  0  0  0  0  0  0  1  1  1  1  1  0  0  0  0  0  0  0  0  0  0  1  0  1  0  0  0  0  0  0  0  0  0  0  0  0  0  0  0  0
 0  0  0  0  0  0  0  0  0  0  0  0  0  0  0  0  0  1  1  0  1  1  0  0  0  0  0  0  0  0  0  0  0  1  1  0  0  0  0  0  0  0  0  0  0  0  0  0  0  0
 0  1  1  1  1  0  0  0  0  0  0  0  0  0  0  1  1  1  1  1  1  1  0  0  0  0  0  0  0  0  0  0  0  0  1  0  0  0  0  0  0  0  0  0  0  0  0  0  0  0
 0  1  1  1  1  0  0  0  1  0  0  0  0  1  0  1  1  1  1  1  1  1  1  0  0  0  0  0  0  0  0  0  0  0  1  1  0  0  0  0  0  0  0  0  0  0  0  0  0  0
 0  1  1  1  1  1  1  0  1  0  0  0  0  1  0  1  1  1  1  1  1  0  1  0  0  0  0  0  0  0  0  0  0  0  0  1  1  0  0  0  0  0  0  0  0  0  0  0  0  0
 0  1  1  1  1  1  1  0  1  0  0  0  0  1  0  1  1  1  1  1  1  0  1  0  0  0  0  0  0  0  0  0  0  0  0  0  1  0  0  0  0  0  0  0  0  0  0  0  0  0
 0  1  1  1  1  1  1  0  1  0  0  0  0  1  0  1  1  1  1  1  1  0  1  1  0  0  0  0  0  0  0  0  0  0  0  1  1  0  0  0  0  0  0  0  0  0  0  0  0  0
 0  1  1  1  1  1  1  0  1  0  0  0  0  1  0  1  1  1  1  1  1  0  0  1  1  0  0  0  0  0  0  0  0  0  1  1  0  0  0  0  0  0  0  0  0  0  0  0  0  0
 0  1  1  1  1  0  0  0  1  0  0  0  0  1  0  0  1  0  0  0  0  0  0  0  1  1  1  1  1  1  1  1  1  1  1  0  0  0  0  0  0  0  0  0  0  0  0  0  0  0
 0  0  0  0  0  0  0  0  0  0  0  0  0  0  0  0  0  0  0  0  0  0  0  0  0  0  0  0  0  0  0  0  0  0  0  0  0  0  0  0  0  0  0  0  0  0  0  0  0  0
 0  0  0  0  0  0  0  0  0  0  0  0  0  0  0  0  0  0  0  0  0  0  0  0  0  0  0  0  0  0  0  0  0  0  0  0  0  0  0  0  0  0  0  0  0  0  0  0  0  0
 0  0  0  0  0  0  0  0  0  0  0  0  0  0  0  0  0  0  0  0  0  0  0  0  0  0  0  0  0  0  0  0  0  0  0  0  0  0  0  0  0  0  0  0  0  0  0  0  0  0
 0  0  0  0  0  0  0  0  0  0  0  0  0  0  0  0  0  0  0  0  0  0  0  0  0  0  0  0  0  0  0  0  0  0  0  0  0  0  0  0  0  0  0  0  0  0  0  0  0  0
 0  0  0  0  0  0  0  0  1  0  0  0  0  1  0  0  0  0  0  0  0  0  0  0  1  1  1  1  1  1  1  1  1  1  1  0  0  0  0  0  0  0  0  0  0  0  0  0  0  0
 1  1  1  1  1  1  1  0  1  0  0  0  0  1  0  1  1  1  1  1  0  0  0  0  1  0  1  0  1  0  1  0  1  0  1  0  0  0  0  0  0  0  0  0  0  0  0  0  0  0
 1  0  1  0  0  1  1  0  1  0  0  0  0  1  0  1  1  0  1  0  0  0  0  0  1  1  0  0  0  0  0  0  0  0  1  0  0  0  0  0  0  0  0  0  0  0  0  0  0  0
 1  1  1  1  0  1  1  0  1  0  0  0  0  1  0  1  1  1  1  1  0  0  0  0  0  1  0  0  0  0  0  0  0  1  1  0  0  0  0  0  0  0  0  0  0  0  0  0  0  0
 0  1  1  1  1  1  1  0  1  0  0  0  0  1  0  1  1  1  1  1  0  0  0  0  1  1  0  0  0  0  0  0  0  1  0  0  0  0  0  0  0  0  0  0  0  0  0  0  0  0
 1  1  1  1  1  1  1  0  1  0  0  0  0  1  0  1  1  0  1  0  0  0  0  0  1  0  0  0  0  0  0  0  0  1  0  0  0  0  0  0  0  0  0  0  0  0  0  0  0  0
 1  1  1  1  0  1  1  0  1  0  0  0  0  1  0  1  1  0  0  0  0  0  0  0  1  0  0  0  0  0  0  0  0  1  0  0  0  0  0  0  0  0  0  0  0  0  0  0  0  0
 1  0  1  0  0  1  1  0  1  0  0  0  0  1  0  1  1  0  0  0  0  0  0  1  1  0  0  0  0  0  0  0  1  1  0  0  0  0  0  0  0  0  0  0  0  0  0  0  0  0
 1  1  0  0  0  0  0  0  0  0  0  0  0  0  0  0  0  0  0  0  0  0  0  1  0  0  0  0  0  0  0  1  1  0  0  0  0  0  0  0  0  0  0  0  0  0  0  0  0  0
 1  1  0  0  0  0  0  0  0  0  0  0  0  0  0  0  0  0  0  0  0  0  1  1  0  0  0  0  0  0  0  1  0  0  0  0  0  0  0  0  0  0  0  0  0  0  0  0  0  0
 1  0  0  0  0  0  0  0  0  0  0  0  0  0  0  0  0  0  0  0  0  0  1  1  0  0  0  0  0  0  0  1  1  0  0  0  0  0  0  0  0  0  0  0  0  0  0  0  0  0
 1  0  0  0  0  0  0  0  0  0  0  0  0  0  0  0  0  0  0  0  0  1  1  1  0  0  0  0  0  0  0  0  1  1  1  0  0  0  0  0  0  0  0  0  0  0  0  0  0  0
 1  1  0  1  0  0  0  0  0  0  0  0  0  0  0  0  0  0  0  0  1  1  1  0  0  0  0  0  0  0  0  0  0  0  1  1  0  0  0  0  0  0  0  0  0  0  0  0  0  0
 1  1  0  1  1  0  0  0  0  0  0  0  0  0  0  0  0  0  0  0  1  1  1  0  0  0  0  0  0  0  0  0  0  0  0  1  0  0  0  0  0  0  0  0  0  0  0  0  0  0
 1  0  0  1  1  1  0  0  1  0  1  0  1  0  0  0  0  1  0  0  1  1  0  0  0  0  0  0  0  0  0  0  0  0  0  1  1  1  1  0  0  0  0  0  0  0  0  0  0  0
 0  0  1  1  1  1  1  1  1  1  1  1  1  1  1  0  1  1  0  1  1  1  0  0  0  0  0  0  0  0  0  0  0  0  0  0  0  0  1  1  1  1  1  0  0  0  0  0  0  0
 0  1  1  1  1  1  1  1  1  1  1  1  1  1  1  1  1  1  1  1  1  1  0  0  0  0  0  0  0  0  0  0  0  0  0  0  0  0  0  0  0  0  1  0  0  0  0  0  0  0
