60 60

  4  18  66   2   2  67  68  69  70  68  68  69  70  68  66   2  66  71  72  72  72  72  72  67  66  72  72  73  71  72  72  73  71  72  72  67  66  72  72  72  72  72  73  67  16   4   4   4   4   4   4   4   4   4   4   4   4   4   4   4
  4  18  66   2   2  67  68  74  75  68  68  74  75  68  66   2  66  71  72  72  72  72  72  67  66  72  72  73  71  72  72  73  71  72  72  67  66  72  72  72  72  72  73  67  16   4  12  12  12  12  12  12  12  12  12  12  12  12  15   4
  4  18  66   2   2  74  76  73  71  76  76  73  71  76  75   2  66  71  72  72  72  72  72  67  66  72  72  73  71  77  78  73  71  72  72  67  66  72  72  72  72  72  73  67  16   4  18   2  76  76  76  76  76  76  76  76  76   2  16   4
  4  18  66   2   2  73  72  73  71  72  72  73  71  72  71   2  66  71  72  72  72  72  72  74  75  72  72  73  71   4   4  73  71  72  72  74  75  72  72  72  72  72  73  67  16   4  18  66  72  72  72  72  72  72  72  72  72  67  16   4
  4  18  66   2   2  73  72  73  71  72  72  73  71  72  71   2  66  71  72  72  72  72  72  73  71  72  72  73  71  79  79  73  71  72  72  73  71  72  72  72  72  72  73  67  16   4  18  66  72  72  72  72  72  72  72  72  72  67  16   4
  4  18  66   2   2  73  72  73  71  72  72  73  71  72  71   2  66  71  72  72  72  72  72  73  71   0  68  80  81   0   0  80  81  68   0  73  71  72  72  72  72  72  73  67  16   4  18  66  72  72  72  72  72  72  72  72  72  67  16   4
  4  18  66   2   2  73  72  73  71  72  72  73  71  72  71   2  66  71  72  72  72  72  72  73  71   0  68  68   0   0   0   0  68  68   0  73  71  72  72  72  72  72  73  67  16   4  18  66  72  72  72  72  72  72  72  72  72  67  16   4
  4  18  66   2   2  73  72  73  71  77  78  73  71  72  71   2  66  71  72  72  72  72  72  73  71   0   0   0   0   0   0   0   0   0   0  73  71  72  72  72  72  72  73  67  16   4  18  66  72  72  72  72  72  72  72  72  72  67  16   4
  4  18  66   2   2  82  72  73  71  83  84  73  71  72  85   2  66  71  72  72  72  72  72  73  71  72  72  72  86  86  86  86  72  72  72  73  71  72  72  72  72  72  73  67  16   4  18  66  72  72  72  72  72  72  72  72  72  67  16   4
  4  18  66   2   2   2   2  82  85  14  14  82  85   2   2   2  66  81  68  68  68  68  68  73  71  72  72  72  86  86  86  86  72  72  72  73  71  68  68  68  68  68  80  67  16   4  18  66  72  72  72  72  72  72  72  72  72  67  16   4
  4  18  66   2   2   2   2   2   3   3   3   3   2   2   2   2  66  87  87  87  87  87  49  80  81  49  87  87   0   0   0   0  87  87  49  80  81  49  87  87  87  87  87  67  16   4  18  66  72  72  72  72  72  72  72  72  72  67  16   4
  4  18  66   2   2   2   2   2   3   3   3   3   2   2   2   2  66  72  72  72  72  72  59  87  87  59  72  72   0   0   0   0  72  72  59  87  87  59  72  72  72  72  72  67  16   4  18  66  72  72  72  72  72  72  72  72  72  67  16   4
  4  18  66   2   2   2   2   2   3   3   3   3   2   2   2   2  66  35  35  35  35  35  88  72  72  89  35  35   0   0   0   0  35  35  88  72  72  89  35  35  35  35  35  67  16   4  18  66  72  72  72  72  72  72  72  72  72  67  16   4
  4  18  66   2   2   2   2   2   3   3   3   3   2   2   2   2  66  87  87  87  87  87  87  87  87  87  87  87   0   0   0   0  87  87  87  87  87  87  87  87  87  87  87  67  16   4  18  66   2   2   2   2   2   2   2   2   2  67  16   4
  4  18  66   2   2   2   2   2   3   3   3   3   2   2   2   2  66  68  68  68  68  68  68  68  68  68  68  68   0   0   0   0  68  68  68  68  68  68  68  68  68  68  68  67  16   4  18  66   2   2   2   2   2   2   2   2   2  67  16   4
  4  18  66   2   2   2   2   2   3   3   3   3   2   2   2   2  66  68   0   0   0   0   0   0   0   0   0   0   0   0   0   0   0   0   0   0   0   0   0   0   0   0  68  67  16   4  18  66   2   2   2   2   2   2   2   2   2  67  16   4
  4  18  66   2   2   2   2  66  86  86  86  86  67   2   2   2  66  68   0   0   0   0   0   0   0   0   0   0   0   0   0   0   0   0   0   0   0   0   0   0   0   0  68  67  16   4  18  66   2   2   2   2   2   2   2   2   2  67  16   4
  4  18  66   2   2   2   2  66  86  86  86  86  67   2   2   2  66  68   0   0   0  68  68  68  68  68  68   0   0   0   0   0   0  68  68  68  68  68  68   0   0   0  68  67  16   4  18  66   2   2   2   2   2   2   2   2   2  67  16   4
  4  18  66   2   2   2   2  66  86  86  86  86  67   2   2   2  66  68   0   0   0  68  49  87  87  49  68   0   0   0   0   0   0  68  49  87  87  49  68   0   0   0  68  67  16   4  18  66   2   2   2   2   2   2   2   2   2  67  16   4
  4  18  66   2   2   2   2  66   0   0   0   0  67   2   2   2  66  90   0   0   0  90  50  72  72  50  90   0   0   0   0   0   0  90  50  72  72  50  90   0   0   0  90  67  16   4  18  66   2   2   2   2   2   2   2   2   2  67  16   4
  4  18  66   2   2   2   2  66  86  86  86  86  67   2   2   2  66  91   0   0   0  91  50  35  35  50  91   0   0   0   0   0   0  91  50  35  35  50  91   0   0   0  91  67  16   4  18  66   2   2   2   2   2   2   2   2   2  67  16   4
  4  18  66   2   2   2   2  66  86  86  86  86  67   2   2   2  66  68   0   0   0  68   1   1   1   1  68   0   0   0   0   0   0  68   1   1   1   1  68   0   0   0  68  67  16   4  18  66   2   2   2   2   2   2   2   2   2  67  16   4
  4  18  66   2   2   2   2  66  86  86  86  86  67   2   2   2  66  68   0   0   0  68   1   1   1   1  68   0   0   0   0   0   0  68   1   1   1   1  68   0   0   0  68  67  16   4  18  66   2   2   2   2   2   2   2   2   2  67  16   4
  4  18  66   2   2   2   2  66   0   0   0   0  67   2   2   2  66  90   0   0   0  90  50  35  35  50  90   0   0   0   0   0   0  90  50  35  35  50  90   0   0   0  90  67  16   4  18  66   2   2   2   2   2   2   2   2   2  67  16   4
  4  18  66   2   2   2   2  66  86  86  86  86  67   2   2   2  66  91   0   0   0  91  50  35  35  50  91   0   0   0   0   0   0  91  50  35  35  50  91   0   0   0  91  67  16   4  18  66   2   2   2   2   2   2   2   2   2  67  16   4
  4  18  66  76  76  76  76  75  86  86  86  86  74  76  76  76  75  68   0   0   0  68  50  35  35  50  68   0   0   0   0   0   0  68  50  35  35  50  68   0   0   0  68  74  76  76  76  75   2   2   2   2   2   2   2   2   2  67  16   4
  4  18  66  72  72  72  72  71  86  86  86  86  73  72  72  72  71  72  86  86  86  72  59  87  87  59  72  86  86  86  86  86  86  72  59  87  87  59  72  86  86  86  72  73  72  72  72  71   2   2   2   2   2   2   2   2   2  67  16   4
  4  18  66  72  72  72  72  71   0   0   0   0  73  72  72  72  71  68   0   0   0  68  59  35  35  59  68   0   0   0   0   0   0  68  59  35  35  59  68   0   0   0  68  73  72  72  72  71   2   2   2   2   2   2   2   2   2  67  16   4
  4  18  66  72  72  72  72  71  86  86  86  86  73  72  72  72  71  90   0   0   0  90  50  35  35  50  90   0   0   0   0   0   0  90  50  35  35  50  90   0   0   0  90  73  72  72  72  71   2   2   2   2   2   2   2   2   2  67  16   4
  4  18  66  72  72  72  72  71  86  86  86  86  73  72  72  72  71  91   0   0   0  91  50  35  35  50  91   0   0   0   0   0   0  91  50  35  35  50  91   0   0   0  91  73  72  72  72  71   2   2   2   2   2   2   2   2   2  67  16   4
  4  18  66  72  72  72  72  71  86  86  86  86  73  72  72  72  71  68   0   0   0  68  59  87  87  59  68   0   0   0   0   0   0  68  59  87  87  59  68   0   0   0  68  73  72  72  72  71   2   2   2   2   2   2   2   2   2  67  16   4
  4  18  66  72  72  72  72  71   0   0   0   0  73  72  72  72  71  68   0   0   0  68  68  68  68  68  68   0   0   0   0   0   0  68  68  68  68  68  68   0   0   0  68  73  72  72  72  71   2   2   2   2   2   2   2   2   2  67  16   4
  4  18  66  72  72  72  72  71  86  86  86  86  73  72  72  72  71  68   0   0   0   0   0   0   0   0   0   0   0   0   0   0   0   0   0   0   0   0   0   0   0   0  68  73  72  72  72  71   2   2   2   2   2   2   2   2   2  67  16   4
  4  18  66  72  72  72  72  71  86  86  86  86  73  72  72  72  71  68   0   0   0   0   0   0   0   0   0   0   0   0   0   0   0   0   0   0   0   0   0   0   0   0  68  73  72  72  72  71   2   2   2   2   2   2   2   2   2  67  16   4
  4  18  66  72  72  72  72  71  86  86  86  86  73  72  72  72  71  68  68  68  68  68  68  68  68  68  68   0   0   0   0   0   0  68  68  68  68  68  68  68  68  68  68  73  72  72  72  71   2   2   2   2   2   2   2   2   2  67  16   4
  4  18  66  72  72  72  72  81   2   2   2   2  80  72  72  72  81  92  93  93  93  93  93  93  93  93  93   0   0   0   0   0   0  93  93  93  93  93  93  93  93  93  92  80  72  72  72  81   2   2   2   2   2   2   2   2   2  67  16   4
  4  18  66   2   2   2   2   2   2   2   2   2  92  93  93  93  93  94  35  35  35  35  35  35  35  35  35   0   0   0   0   0   0  35  35  35  35  35  35  35  35  35  94  93  93  93  93  92   2   2   2   2   2   2   2   2   2  67  16   4
  4  18  66   2   2   2   2   2   2   2   2   2  95  35  35  35  35  35  35  35  35  35  35  35  35  35  35   0   0   0   0   0   0  35  35  35  35  35  35  35  35  35  35  35  35  35  35  95   2   2   2   2   2   2   2   2   2  67  16   4
  4  18  66   2   2   2   2   2   2   2   2   2  95  35  35  35  35  35  35  35  35  35  35  35  35  35  35   0   0   0   0   0   0  35  35  35  35  35  35  35  35  35  35  35  35  35  35  95   2   2   2   2   2   2   2   2   2  67  16   4
  4  18  66   2   2   2   2   2   2   2   2   2  95  35  35  35  35  35  35  35  35  35  35  35  35  35  35   0   0   0   0   0   0  35  35  35  35  35  35  35  35  35  35  35  35  35  35  95   2   2   2   2   2   2   2   2   2  67  16   4
  4  18  66   2   2   2   2   2   2   2   2   2  94  93  93  93  93  93  93  93  93  93  93  93  93  93  93   0   0   0   0   0   0  93  93  93  93  93  93  93  93  93  93  93  93  93  93  94   2   2   2   2   2   2   2   2   2  67  16   4
  4  18  66   2   2   2   2   2   2   2   2   2   2   2   2   2   2   2   2   2   2   2   2   2   2   2   2   2   2   2   2   2   2   2   2   2   2   2   2   2   2   2   2   2   2   2   2   2   2   2   2   2   2   2   2   2   2  67  16   4
  4  18  66   2   2   2   2   2   2   2   2   2   2   2   2   2   2   2   2   2   2   2   2   2   2   2   2   2   2   2   2   2   2   2   2   2   2   2   2   2   2   2   2   2   2   2   2   2   2   2   2   2   2   2   2   2   2  67  16   4
  4  18  66   2   2   2   2   2   2   2   2   2   2   2   2   2   2   2   2   2   2   2   2   2   2   2   2   2   2   2   2   2   2   2   2   2   2   2   2   2   2   2   2   2   2   2   2   2   2   2   2   2   2   2   2   2   2  67  16   4
  4  18  66   2   2   2   2   2   2   2   2   2   2   2   2   2   2   2   2   2   2   2   2   2   2   2   2   2   2   2   2   2   2   2   2   2   2   2   2   2   2   2   2   2   2   2   2   2   2   2   2   2   2   2   2   2   2  67  16   4
  4  18  66   2   2   2   2   2   2   2   2   2   2   2   2   2   2   2   2   2   2   2   2   2   2   2   2   2   2   2   2   2   2   2   2   2   2   2   2   2   2   2   2   2   2   2   2   2   2   2   2   2   2   2   2   2   2  67  16   4
  4  18  66   2   2   2   2   2   2   2   2   2   2   2   2   2   2   2   2   2   2   2   2   2   2   2   2   2   2   2   2   2   2   2   2   2   2   2   2   2   2   2   2   2   2   2   2   2   2   2   2   2   2   2   2   2   2  67  16   4
  4  18  66   2   2   2   2   2   2   2   2   2   2   2   2   2   2   2   2   2   2   2   2   2   2   2   2   2   2   2   2   2   2   2   2   2   2   2   2   2   2   2   2   2   2   2   2   2   2   2   2   2   2   2   2   2   2  67  16   4
  4  18  66   2   2   2   2   2   2   2   2   2   2   2   2   2   2   2   2   2   2   2   2   2   2   2   2   2   2   2   2   2   2   2   2   2   2   2   2   2   2   2   2   2   2   2   2   2   2   2   2   2   2   2   2   2   2  67  16   4
  4  18  66   2   2   2   2   2   2   2   2   2   2   2   2   2   2   2   2   2   2   2   2   2   2   2   2   2   2   2   2   2   2   2   2   2   2   2   2   2   2   2   2   2   2   2   2   2   2   2   2   2   2   2   2   2   2  67  16   4
  4  18  66   2   2   2   2   2   2   2   2   2   2   2   2   2   2   2   2   2   2   2   2   2   2   2   2   2   2   2   2   2   2   2   2   2   2   2   2   2   2   2   2   2   2   2   2   2   2   2   2   2   2   2   2   2   2  67  16   4
  4  18  66   2   2   2   2   2   2   2   2   2   2   2   2   2   2   2   2   2   2   2   2   2   2   2   2   2   2   2   2   2   2   2   2   2   2   2   2   2   2   2   2   2   2   2   2   2   2   2   2   2   2   2   2   2   2  67  16   4
  4  18  66   2   2   2   2   2   2   2   2   2   2   2   2   2   2   2   2   2   2   2   2   2   2   2   2   2   2   2   2   2   2   2   2   2   2   2   2   2   2   2   2   2   2   2   2   2   2   2   2   2   2   2   2   2   2  67  16   4
  4  18  66   2   2   2   2   2   2   2   2   2   2   2   2   2   2   2   2   2   2   2   2   2   2   2   2   2   2   2   2   2   2   2   2   2   2   2   2   2   2   2   2   2   2   2   2   2   2   2   2   2   2   2   2   2   2  67  16   4
  4  18  66   2   2   2   2   2   2   2   2   2   2   2   2   2   2   2   2   2   2   2   2   2   2   2   2   2   2   2   2   2   2   2   2   2   2   2   2   2   2   2   2   2   2   2   2   2   2   2   2   2   2   2   2   2   2  67  16   4
  4  18  66   2   2   2   2   2   2   2   2   2   2   2   2   2   2   2   2   2   2   2   2   2   2   2   2   2   2   2   2   2   2   2   2   2   2   2   2   2   2   2   2   2   2   2   2   2   2   2   2   2   2   2   2   2   2  67  16   4
  4  18  66   2   2   2   2   2   2   2   2   2   2   2   2   2   2   2   2   2   2   2   2   2   2   2   2   2   2   2   2   2   2   2   2   2   2   2   2   2   2   2   2   2   2   2   2   2   2   2   2   2   2   2   2   2   2  67  16   4
  4  18  66  76  76  76  76  76  76  76  76  76  76  76  76  76  76  76  76  76  76  76  76  76  76  76  76  76  76  76  76  76  76  76  76  76  76  76  76  76  76  76  76  76  76  76  76  76  76  76  76  76  76  76  76  76  76  67  16   4
  4  21  23  23  23  23  23  23  23  23  23  23  23  23  23  23  23  23  23  23  23  23  23  23  23  23  23  23  23  23  23  23  23  23  23  23  23  23  23  23  23  23  23  23  23  23  23  23  23  23  23  23  23  23  23  23  23  23  22   4
  4   4   4   4   4   4   4   4   4   4   4   4   4   4   4   4   4   4   4   4   4   4   4   4   4   4   4   4   4   4   4   4   4   4   4   4   4   4   4   4   4   4   4   4   4   4   4   4   4   4   4   4   4   4   4   4   4   4   4   4

 1  1  1  0  0  1  0  1  1  0  0  1  1  0  1  0  1  1  1  1  1  1  1  1  1  1  1  1  1  1  1  1  1  1  1  1  1  1  1  1  1  1  1  1  1  1  1  1  1  1  1  1  1  1  1  1  1  1  1  1
 1  1  1  0  0  1  0  1  1  0  0  1  1  0  1  0  1  1  1  1  1  1  1  1  1  1  1  1  1  1  1  1  1  1  1  1  1  1  1  1  1  1  1  1  1  1  1  1  1  1  1  1  1  1  1  1  1  1  1  1
 1  1  1  0  0  1  1  1  1  1  1  1  1  1  1  0  1  1  1  1  1  1  1  1  1  1  1  1  1  1  1  1  1  1  1  1  1  1  1  1  1  1  1  1  1  1  1  1  1  1  1  1  1  1  1  1  1  1  1  1
 1  1  1  0  0  1  1  1  1  1  1  1  1  1  1  0  1  1  1  1  1  1  1  1  1  1  1  1  1  0  0  1  1  1  1  1  1  1  1  1  1  1  1  1  1  1  1  1  1  1  1  1  1  1  1  1  1  1  1  1
 1  1  1  0  0  1  1  1  1  1  1  1  1  1  1  0  1  1  1  1  1  1  1  1  1  1  1  1  1  0  0  1  1  1  1  1  1  1  1  1  1  1  1  1  1  1  1  1  1  1  1  1  1  1  1  1  1  1  1  1
 1  1  1  0  0  1  1  1  1  1  1  1  1  1  1  0  1  1  1  1  1  1  1  1  1  0  0  1  1  0  0  1  1  0  0  1  1  1  1  1  1  1  1  1  1  1  1  1  1  1  1  1  1  1  1  1  1  1  1  1
 1  1  1  0  0  1  1  1  1  1  1  1  1  1  1  0  1  1  1  1  1  1  1  1  1  0  0  0  0  0  0  0  0  0  0  1  1  1  1  1  1  1  1  1  1  1  1  1  1  1  1  1  1  1  1  1  1  1  1  1
 1  1  1  0  0  1  1  1  1  1  1  1  1  1  1  0  1  1  1  1  1  1  1  1  1  0  0  0  0  0  0  0  0  0  0  1  1  1  1  1  1  1  1  1  1  1  1  1  1  1  1  1  1  1  1  1  1  1  1  1
 1  1  1  0  0  1  1  1  1  1  1  1  1  1  1  0  1  1  1  1  1  1  1  1  1  1  1  1  0  0  0  0  1  1  1  1  1  1  1  1  1  1  1  1  1  1  1  1  1  1  1  1  1  1  1  1  1  1  1  1
 1  1  1  0  0  0  0  0  0  0  0  0  0  0  0  0  1  1  0  0  0  0  0  1  1  1  1  1  0  0  0  0  1  1  1  1  1  0  0  0  0  0  1  1  1  1  1  1  1  1  1  1  1  1  1  1  1  1  1  1
 1  1  1  0  0  0  0  0  0  0  0  0  0  0  0  0  1  1  1  1  1  1  1  1  1  1  1  1  0  0  0  0  1  1  1  1  1  1  1  1  1  1  1  1  1  1  1  1  1  1  1  1  1  1  1  1  1  1  1  1
 1  1  1  0  0  0  0  0  0  0  0  0  0  0  0  0  1  1  1  1  1  1  1  1  1  1  1  1  0  0  0  0  1  1  1  1  1  1  1  1  1  1  1  1  1  1  1  1  1  1  1  1  1  1  1  1  1  1  1  1
 1  1  1  0  0  0  0  0  0  0  0  0  0  0  0  0  1  0  0  0  0  0  1  1  1  1  0  0  0  0  0  0  0  0  1  1  1  1  0  0  0  0  0  1  1  1  1  1  1  1  1  1  1  1  1  1  1  1  1  1
 1  1  1  0  0  0  0  0  0  0  0  0  0  0  0  0  1  1  1  1  1  1  1  1  1  1  1  1  0  0  0  0  1  1  1  1  1  1  1  1  1  1  1  1  1  1  1  1  0  0  0  0  0  0  0  0  0  1  1  1
 1  1  1  0  0  0  0  0  0  0  0  0  0  0  0  0  1  0  0  0  0  0  0  0  0  0  0  0  0  0  0  0  0  0  0  0  0  0  0  0  0  0  0  1  1  1  1  1  0  0  0  0  0  0  0  0  0  1  1  1
 1  1  1  0  0  0  0  0  0  0  0  0  0  0  0  0  1  0  0  0  0  0  0  0  0  0  0  0  0  0  0  0  0  0  0  0  0  0  0  0  0  0  0  1  1  1  1  1  0  0  0  0  0  0  0  0  0  1  1  1
 1  1  1  0  0  0  0  1  0  0  0  0  1  0  0  0  1  0  0  0  0  0  0  0  0  0  0  0  0  0  0  0  0  0  0  0  0  0  0  0  0  0  0  1  1  1  1  1  0  0  0  0  0  0  0  0  0  1  1  1
 1  1  1  0  0  0  0  1  0  0  0  0  1  0  0  0  1  0  0  0  0  0  0  0  0  0  0  0  0  0  0  0  0  0  0  0  0  0  0  0  0  0  0  1  1  1  1  1  0  0  0  0  0  0  0  0  0  1  1  1
 1  1  1  0  0  0  0  1  0  0  0  0  1  0  0  0  1  0  0  0  0  0  1  1  1  1  0  0  0  0  0  0  0  0  1  1  1  1  0  0  0  0  0  1  1  1  1  1  0  0  0  0  0  0  0  0  0  1  1  1
 1  1  1  0  0  0  0  1  0  0  0  0  1  0  0  0  1  1  0  0  0  1  1  1  1  1  1  0  0  0  0  0  0  1  1  1  1  1  1  0  0  0  1  1  1  1  1  1  0  0  0  0  0  0  0  0  0  1  1  1
 1  1  1  0  0  0  0  1  0  0  0  0  1  0  0  0  1  1  0  0  0  1  1  1  1  1  1  0  0  0  0  0  0  1  1  1  1  1  1  0  0  0  1  1  1  1  1  1  0  0  0  0  0  0  0  0  0  1  1  1
 1  1  1  0  0  0  0  1  0  0  0  0  1  0  0  0  1  0  0  0  0  0  0  0  0  0  0  0  0  0  0  0  0  0  0  0  0  0  0  0  0  0  0  1  1  1  1  1  0  0  0  0  0  0  0  0  0  1  1  1
 1  1  1  0  0  0  0  1  0  0  0  0  1  0  0  0  1  0  0  0  0  0  0  0  0  0  0  0  0  0  0  0  0  0  0  0  0  0  0  0  0  0  0  1  1  1  1  1  0  0  0  0  0  0  0  0  0  1  1  1
 1  1  1  0  0  0  0  1  0  0  0  0  1  0  0  0  1  1  0  0  0  1  1  1  1  1  1  0  0  0  0  0  0  1  1  1  1  1  1  0  0  0  1  1  1  1  1  1  0  0  0  0  0  0  0  0  0  1  1  1
 1  1  1  0  0  0  0  1  0  0  0  0  1  0  0  0  1  1  0  0  0  1  1  0  0  1  1  0  0  0  0  0  0  1  1  0  0  1  1  0  0  0  1  1  1  1  1  1  0  0  0  0  0  0  0  0  0  1  1  1
 1  1  1  1  1  1  1  1  0  0  0  0  1  1  1  1  1  0  0  0  0  0  1  0  0  1  0  0  0  0  0  0  0  0  1  0  0  1  0  0  0  0  0  1  1  1  1  1  0  0  0  0  0  0  0  0  0  1  1  1
 1  1  1  1  1  1  1  1  0  0  0  0  1  1  1  1  1  1  0  0  0  1  1  1  1  1  1  0  0  0  0  0  0  1  1  1  1  1  1  0  0  0  1  1  1  1  1  1  0  0  0  0  0  0  0  0  0  1  1  1
 1  1  1  1  1  1  1  1  0  0  0  0  1  1  1  1  1  0  0  0  0  0  1  0  0  1  0  0  0  0  0  0  0  0  1  0  0  1  0  0  0  0  0  1  1  1  1  1  0  0  0  0  0  0  0  0  0  1  1  1
 1  1  1  1  1  1  1  1  0  0  0  0  1  1  1  1  1  1  0  0  0  1  1  0  0  1  1  0  0  0  0  0  0  1  1  0  0  1  1  0  0  0  1  1  1  1  1  1  0  0  0  0  0  0  0  0  0  1  1  1
 1  1  1  1  1  1  1  1  0  0  0  0  1  1  1  1  1  1  0  0  0  1  1  0  0  1  1  0  0  0  0  0  0  1  1  0  0  1  1  0  0  0  1  1  1  1  1  1  0  0  0  0  0  0  0  0  0  1  1  1
 1  1  1  1  1  1  1  1  0  0  0  0  1  1  1  1  1  0  0  0  0  0  1  1  1  1  0  0  0  0  0  0  0  0  1  1  1  1  0  0  0  0  0  1  1  1  1  1  0  0  0  0  0  0  0  0  0  1  1  1
 1  1  1  1  1  1  1  1  0  0  0  0  1  1  1  1  1  0  0  0  0  0  0  0  0  0  0  0  0  0  0  0  0  0  0  0  0  0  0  0  0  0  0  1  1  1  1  1  0  0  0  0  0  0  0  0  0  1  1  1
 1  1  1  1  1  1  1  1  0  0  0  0  1  1  1  1  1  0  0  0  0  0  0  0  0  0  0  0  0  0  0  0  0  0  0  0  0  0  0  0  0  0  0  1  1  1  1  1  0  0  0  0  0  0  0  0  0  1  1  1
 1  1  1  1  1  1  1  1  0  0  0  0  1  1  1  1  1  0  0  0  0  0  0  0  0  0  0  0  0  0  0  0  0  0  0  0  0  0  0  0  0  0  0  1  1  1  1  1  0  0  0  0  0  0  0  0  0  1  1  1
 1  1  1  1  1  1  1  1  0  0  0  0  1  1  1  1  1  0  0  0  0  0  0  0  0  0  0  0  0  0  0  0  0  0  0  0  0  0  0  0  0  0  0  1  1  1  1  1  0  0  0  0  0  0  0  0  0  1  1  1
 1  1  1  1  1  1  1  1  0  0  0  0  1  1  1  1  1  1  1  1  1  1  1  1  1  1  1  0  0  0  0  0  0  1  1  1  1  1  1  1  1  1  1  1  1  1  1  1  0  0  0  0  0  0  0  0  0  1  1  1
 1  1  1  0  0  0  0  0  0  0  0  0  1  1  1  1  1  1  0  0  0  0  0  0  0  0  1  0  0  0  0  0  0  1  0  0  0  0  0  0  0  0  1  1  1  1  1  1  0  0  0  0  0  0  0  0  0  1  1  1
 1  1  1  0  0  0  0  0  0  0  0  0  1  0  0  0  0  0  0  0  0  0  0  0  0  0  1  0  0  0  0  0  0  1  0  0  0  0  0  0  0  0  0  0  0  0  0  1  0  0  0  0  0  0  0  0  0  1  1  1
 1  1  1  0  0  0  0  0  0  0  0  0  1  0  0  0  0  0  0  0  0  0  0  0  0  0  1  0  0  0  0  0  0  1  0  0  0  0  0  0  0  0  0  0  0  0  0  1  0  0  0  0  0  0  0  0  0  1  1  1
 1  1  1  0  0  0  0  0  0  0  0  0  1  0  0  0  0  0  0  0  0  0  0  0  0  0  1  0  0  0  0  0  0  1  0  0  0  0  0  0  0  0  0  0  0  0  0  1  0  0  0  0  0  0  0  0  0  1  1  1
 1  1  1  0  0  0  0  0  0  0  0  0  1  1  1  1  1  1  1  1  1  1  1  1  1  1  1  0  0  0  0  0  0  1  1  1  1  1  1  1  1  1  1  1  1  1  1  1  0  0  0  0  0  0  0  0  0  1  1  1
 1  1  1  0  0  0  0  0  0  0  0  0  0  0  0  0  0  0  0  0  0  0  0  0  0  0  0  0  0  0  0  0  0  0  0  0  0  0  0  0  0  0  0  0  0  0  0  0  0  0  0  0  0  0  0  0  0  1  1  1
 1  1  1  0  0  0  0  0  0  0  0  0  0  0  0  0  0  0  0  0  0  0  0  0  0  0  0  0  0  0  0  0  0  0  0  0  0  0  0  0  0  0  0  0  0  0  0  0  0  0  0  0  0  0  0  0  0  1  1  1
 1  1  1  0  0  0  0  0  0  0  0  0  0  0  0  0  0  0  0  0  0  0  0  0  0  0  0  0  0  0  0  0  0  0  0  0  0  0  0  0  0  0  0  0  0  0  0  0  0  0  0  0  0  0  0  0  0  1  1  1
 1  1  1  0  0  0  0  0  0  0  0  0  0  0  0  0  0  0  0  0  0  0  0  0  0  0  0  0  0  0  0  0  0  0  0  0  0  0  0  0  0  0  0  0  0  0  0  0  0  0  0  0  0  0  0  0  0  1  1  1
 1  1  1  0  0  0  0  0  0  0  0  0  0  0  0  0  0  0  0  0  0  0  0  0  0  0  0  0  0  0  0  0  0  0  0  0  0  0  0  0  0  0  0  0  0  0  0  0  0  0  0  0  0  0  0  0  0  1  1  1
 1  1  1  0  0  0  0  0  0  0  0  0  0  0  0  0  0  0  0  0  0  0  0  0  0  0  0  0  0  0  0  0  0  0  0  0  0  0  0  0  0  0  0  0  0  0  0  0  0  0  0  0  0  0  0  0  0  1  1  1
 1  1  1  0  0  0  0  0  0  0  0  0  0  0  0  0  0  0  0  0  0  0  0  0  0  0  0  0  0  0  0  0  0  0  0  0  0  0  0  0  0  0  0  0  0  0  0  0  0  0  0  0  0  0  0  0  0  1  1  1
 1  1  1  0  0  0  0  0  0  0  0  0  0  0  0  0  0  0  0  0  0  0  0  0  0  0  0  0  0  0  0  0  0  0  0  0  0  0  0  0  0  0  0  0  0  0  0  0  0  0  0  0  0  0  0  0  0  1  1  1
 1  1  1  0  0  0  0  0  0  0  0  0  0  0  0  0  0  0  0  0  0  0  0  0  0  0  0  0  0  0  0  0  0  0  0  0  0  0  0  0  0  0  0  0  0  0  0  0  0  0  0  0  0  0  0  0  0  1  1  1
 1  1  1  0  0  0  0  0  0  0  0  0  0  0  0  0  0  0  0  0  0  0  0  0  0  0  0  0  0  0  0  0  0  0  0  0  0  0  0  0  0  0  0  0  0  0  0  0  0  0  0  0  0  0  0  0  0  1  1  1
 1  1  1  0  0  0  0  0  0  0  0  0  0  0  0  0  0  0  0  0  0  0  0  0  0  0  0  0  0  0  0  0  0  0  0  0  0  0  0  0  0  0  0  0  0  0  0  0  0  0  0  0  0  0  0  0  0  1  1  1
 1  1  1  0  0  0  0  0  0  0  0  0  0  0  0  0  0  0  0  0  0  0  0  0  0  0  0  0  0  0  0  0  0  0  0  0  0  0  0  0  0  0  0  0  0  0  0  0  0  0  0  0  0  0  0  0  0  1  1  1
 1  1  1  0  0  0  0  0  0  0  0  0  0  0  0  0  0  0  0  0  0  0  0  0  0  0  0  0  0  0  0  0  0  0  0  0  0  0  0  0  0  0  0  0  0  0  0  0  0  0  0  0  0  0  0  0  0  1  1  1
 1  1  1  0  0  0  0  0  0  0  0  0  0  0  0  0  0  0  0  0  0  0  0  0  0  0  0  0  0  0  0  0  0  0  0  0  0  0  0  0  0  0  0  0  0  0  0  0  0  0  0  0  0  0  0  0  0  1  1  1
 1  1  1  0  0  0  0  0  0  0  0  0  0  0  0  0  0  0  0  0  0  0  0  0  0  0  0  0  0  0  0  0  0  0  0  0  0  0  0  0  0  0  0  0  0  0  0  0  0  0  0  0  0  0  0  0  0  1  1  1
 1  1  1  0  0  0  0  0  0  0  0  0  0  0  0  0  0  0  0  0  0  0  0  0  0  0  0  0  0  0  0  0  0  0  0  0  0  0  0  0  0  0  0  0  0  0  0  0  0  0  0  0  0  0  0  0  0  1  1  1
 1  1  1  1  1  1  1  1  1  1  1  1  1  1  1  1  1  1  1  1  1  1  1  1  1  1  1  1  1  1  1  1  1  1  1  1  1  1  1  1  1  1  1  1  1  1  1  1  1  1  1  1  1  1  1  1  1  1  1  1
 1  1  1  1  1  1  1  1  1  1  1  1  1  1  1  1  1  1  1  1  1  1  1  1  1  1  1  1  1  1  1  1  1  1  1  1  1  1  1  1  1  1  1  1  1  1  1  1  1  1  1  1  1  1  1  1  1  1  1  1
 1  1  1  1  1  1  1  1  1  1  1  1  1  1  1  1  1  1  1  1  1  1  1  1  1  1  1  1  1  1  1  1  1  1  1  1  1  1  1  1  1  1  1  1  1  1  1  1  1  1  1  1  1  1  1  1  1  1  1  1
