50 38

 24  25  25  25  25  25  25  25  25  25  25  25  25  26  26  26  26  25  25  25  25  25  25  25  25  25  25  25  25  25  25  25  25  25  25  25  25  25  27  24  27  24  27  24  27  24  25  25  25  25
 27  25  25  25  25  28  29  25  25  30  30  30  30  26  26  26  26  25  25  25  25  28  29  25  25  25  25  30  30  30  30  30  25  25  25  25  25  25  24  27  24  27  24  27  24  27  25  25  25  25
 24  25  25  25  25  31  32  25  30  30  25  25  25  26  26  26  26  25  25  25  25  31  32  25  25  25  30  30  25  25  25  30  30  30  25  25  25  25  27  24  27  24  27  24  27  25  25  25  25  25
 27  25  25  25  25  25  25  25  30  25  25  25  33  34  35  35  36  37  37  38  25  25  25  25  25  25  30  25  25  25  25  25  25  30  30  25  25  25  25  27  24  27  24  27  24  25  25  25  25  25
 24  25  25  25  25  25  25  25  25  25  39  37  37  40  35  35  35  35  35  36  37  37  38  25  25  25  30  25  25  25  25  25  25  25  30  30  25  25  25  25  27  25  27  24  27  25  25  25  25  25
 27  25  25  25  25  25  25  25  30  25  34  35  35  35  35  35  35  35  35  35  35  35  36  37  37  41  41  41  37  37  37  37  37  37  38  25  30  30  30  25  25  25  25  27  25  25  25  25  25  25
 33  39  37  37  37  37  37  41  41  41  40  35  35  35  35  35  35  35  35  35  35  35  35  35  35  41  41  41  35  35  35  35  35  35  42  25  25  25  30  30  30  25  25  25  25  25  25  25  25  25
 37  40  35  35  35  35  35  41  41  41  35  35  35  35  35  35  35  35  35  35  35  43  44  44  44  41  41  41  44  44  44  44  44  45  36  37  38  25  25  25  30  30  25  25  25  25  25  25  25  25
 35  35  35  35  35  43  33  41  41  41  33  44  44  44  44  44  45  35  35  35  35  42  24  25  25  25  28  29  25  25  25  25  25  34  35  35  42  25  24  25  25  25  25  25  30  25  25  25  25  25
 35  35  35  35  43  46  25  25  30  25  25  24  25  25  25  24  47  44  45  35  43  46  27  25  25  25  31  32  25  25  25  25  25  34  35  35  42  24  27  24  25  25  25  25  30  25  25  25  25  25
 35  35  35  43  46  25  25  25  30  25  25  27  25  25  25  27  24  24  34  35  36  37  37  37  38  25  25  25  25  25  39  41  41  40  35  35  42  27  24  27  24  25  25  30  30  25  25  25  25  25
 35  35  35  42  24  25  25  25  30  25  25  25  25  25  25  25  27  27  34  35  35  35  35  35  36  37  37  37  37  37  40  41  41  35  35  35  42  25  27  25  27  25  30  30  25  25  25  25  25  25
 35  35  35  42  27  25  25  25  30  25  25  25  25  25  25  25  25  33  34  35  35  35  35  35  35  35  35  35  35  35  35  41  41  35  35  35  36  38  25  25  25  25  30  25  25  25  25  24  25  24
 35  35  35  36  38  25  25  25  25  25  30  25  25  25  25  25  25  39  40  35  35  35  35  35  35  35  35  35  35  35  35  41  41  35  35  35  35  42  25  25  25  25  30  25  24  25  24  27  24  27
 35  35  35  35  42  25  25  25  25  25  30  25  25  25  25  25  24  34  35  35  35  35  35  35  35  35  43  44  45  35  43  41  41  44  45  35  35  42  25  25  25  30  30  25  27  24  27  24  27  24
 35  35  35  35  42  24  25  25  25  25  30  25  25  25  25  24  27  34  35  35  35  35  35  43  44  44  46  33  47  44  33  25  25  33  34  35  35  42  25  25  25  30  25  25  48  27  24  27  24  27
 35  35  35  35  42  27  25  25  30  25  25  25  25  25  24  27  39  40  35  35  43  44  44  46  25  24  33  24  25  24  25  25  25  25  34  35  35  42  25  25  25  30  25  25  25  25  27  33  27  24
 35  35  35  35  36  37  38  25  30  30  25  25  25  25  27  39  40  35  35  43  46  25  25  33  24  27  24  27  25  27  25  25  25  25  34  35  35  42  25  25  25  25  30  25  25  33  25  25  25  27
 35  35  35  35  35  35  36  38  25  30  25  25  25  39  37  40  35  35  43  46  25  25  25  25  27  24  27  25  25  25  25  25  25  25  34  35  35  42  25  25  49  41  41  41  49  37  37  37  37  38
 35  35  35  35  35  35  35  36  41  41  41  25  24  34  35  35  35  43  46  25  30  25  25  25  25  27  25  25  25  25  25  25  25  25  34  35  35  36  37  37  50  41  41  41  50  35  35  35  35  36
 35  35  35  35  35  35  35  35  41  35  41  41  27  34  35  35  43  46  25  28  29  30  30  25  25  25  25  25  25  25  25  25  25  25  34  35  35  35  35  35  50  41  41  41  50  35  35  35  35  35
 35  35  35  35  35  35  35  35  35  35  35  41  37  40  35  35  42  25  25  31  32  25  30  30  30  25  25  25  25  51  52  53  54  25  34  35  35  35  35  35  50  41  41  41  50  35  35  35  35  35
 35  35  35  35  35  35  35  35  35  41  35  35  35  35  35  35  42  25  25  25  25  25  25  25  30  25  25  25  25  55  56  57  58  39  40  35  35  35  43  44  59  41  41  41  59  44  44  45  35  35
 35  35  35  35  35  35  35  35  35  35  41  35  35  35  35  43  46  25  25  25  25  25  25  25  30  25  25  25  25  55  56  57  58  34  35  35  35  35  42  25  25  25  30  25  25  25  25  34  35  35
 35  35  35  35  35  35  35  35  35  41  35  35  35  35  35  42  25  24  25  25  25  25  25  25  30  25  25  25  25  60  61  62  63  34  35  35  35  35  42  25  25  25  25  30  24  25  24  34  35  35
 35  35  35  35  35  35  35  43  41  41  41  45  35  35  35  42  24  27  24  25  25  25  25  25  30  25  25  33  48  64  65  64  64  34  35  35  35  35  42  25  25  25  30  30  27  24  27  47  45  35
 35  35  35  35  35  35  43  46  25  25  25  34  35  35  35  42  27  24  27  24  25  25  25  25  30  30  30  30  30  30  30  39  37  40  35  35  35  35  42  25  25  25  30  30  25  27  24  25  47  45
 35  35  35  35  35  43  46  25  25  30  33  47  45  35  35  42  25  27  24  27  25  25  25  25  30  30  25  25  25  39  37  40  35  35  35  35  35  35  42  25  25  25  25  30  25  24  27  25  25  47
 35  35  35  43  44  46  24  25  25  30  25  24  34  35  35  36  38  24  27  24  25  25  25  25  25  30  30  25  25  26  26  35  26  35  35  35  35  26  26  25  25  25  25  30  25  27  24  25  25  25
 35  35  43  46  24  33  27  25  30  25  25  27  34  35  35  35  42  27  24  27  25  25  25  25  25  25  25  30  30  26  26  35  35  35  35  35  26  35  26  30  30  30  30  30  25  24  27  25  25  24
 35  43  46  24  27  25  25  25  25  25  25  25  34  35  35  35  42  24  27  24  25  25  25  25  25  25  25  25  25  26  35  26  35  35  35  35  35  26  26  25  25  25  30  30  25  27  25  25  24  27
 35  42  24  27  24  25  25  25  25  25  25  25  47  45  35  35  42  27  24  27  24  25  24  25  24  25  25  25  25  34  35  35  35  35  35  35  43  44  46  25  25  30  30  25  25  25  25  25  27  24
 35  42  27  24  27  25  25  25  30  25  25  25  25  34  35  35  36  38  27  24  27  24  27  24  27  25  25  39  37  40  35  35  35  35  35  35  42  25  25  25  25  30  25  25  25  25  25  25  24  27
 35  36  38  27  24  25  25  25  25  30  25  25  39  40  35  35  35  35  38  27  24  27  25  27  25  39  37  40  35  35  35  35  35  35  43  44  46  25  25  25  25  25  25  25  25  25  25  24  27  24
 35  35  42  24  27  24  25  24  33  41  41  41  40  35  35  35  35  35  36  38  27  25  39  37  37  40  35  35  35  35  35  35  35  35  42  24  25  25  25  25  25  25  25  25  25  25  25  27  24  27
 35  35  42  27  25  27  25  27  39  41  35  35  35  35  35  35  35  35  35  36  37  37  40  35  35  35  35  35  35  35  35  35  35  35  42  27  25  25  25  25  25  25  25  25  25  25  25  24  27  24
 35  35  36  37  37  37  37  37  40  35  35  41  35  35  35  35  35  35  35  35  35  35  35  35  35  35  35  35  35  35  35  43  44  44  46  25  24  25  24  25  25  25  25  25  24  25  25  27  24  27
 35  35  35  35  35  35  35  35  35  35  35  35  35  35  35  35  35  35  35  35  35  35  35  35  35  35  35  35  35  35  35  42  25  24  25  24  27  24  27  24  25  25  25  24  27  24  25  24  27  24

 1  0  0  0  0  0  0  0  0  0  0  0  0  0  0  0  0  0  0  0  0  0  0  0  0  0  0  0  0  0  0  0  0  0  0  0  0  0  1  1  1  1  1  1  1  1  0  0  0  0
 1  0  0  0  0  0  0  0  0  0  0  0  0  0  0  0  0  0  0  0  0  0  0  0  0  0  0  0  0  0  0  0  0  0  0  0  0  0  1  1  1  1  1  1  1  1  0  0  0  0
 1  0  0  0  0  0  0  0  0  0  0  0  0  0  0  0  0  0  0  0  0  0  0  0  0  0  0  0  0  0  0  0  0  0  0  0  0  0  1  1  1  1  1  1  1  0  0  0  0  0
 1  0  0  0  0  0  0  0  0  0  0  0  1  1  0  0  1  1  1  1  0  0  0  0  0  0  0  0  0  0  0  0  0  0  0  0  0  0  0  1  1  1  1  1  1  0  0  0  0  0
 1  0  0  0  0  0  0  0  0  0  1  1  1  1  0  0  0  0  0  1  1  1  1  0  0  0  0  0  0  0  0  0  0  0  0  0  0  0  0  0  1  0  1  1  1  0  0  0  0  0
 1  0  0  0  0  0  0  0  0  0  1  0  0  0  0  0  0  0  0  0  0  0  1  1  1  0  0  0  1  1  1  1  1  1  1  0  0  0  0  0  0  0  0  1  0  0  0  0  0  0
 1  1  1  1  1  1  1  0  0  0  1  0  0  0  0  0  0  0  0  0  0  0  0  0  0  0  0  0  0  0  0  0  0  0  1  0  0  0  0  0  0  0  0  0  0  0  0  0  0  0
 1  1  0  0  0  0  0  0  0  0  0  0  0  0  0  0  0  0  0  0  0  1  1  1  1  0  0  0  1  1  1  1  1  1  1  1  1  0  0  0  0  0  0  0  0  0  0  0  0  0
 0  0  0  0  0  1  1  0  0  0  1  1  1  1  1  1  1  0  0  0  0  1  1  0  0  0  0  0  0  0  0  0  0  1  0  0  1  0  1  0  0  0  0  0  0  0  0  0  0  0
 0  0  0  0  1  1  0  0  0  0  0  1  0  0  0  1  1  1  1  0  1  1  1  0  0  0  0  0  0  0  0  0  0  1  0  0  1  1  1  1  0  0  0  0  0  0  0  0  0  0
 0  0  0  1  1  0  0  0  0  0  0  1  0  0  0  1  1  1  1  0  1  1  1  1  1  0  0  0  0  0  1  0  0  1  0  0  1  1  1  1  1  0  0  0  0  0  0  0  0  0
 0  0  0  1  1  0  0  0  0  0  0  0  0  0  0  0  1  1  1  0  0  0  0  0  1  1  1  1  1  1  1  0  0  0  0  0  1  0  1  0  1  0  0  0  0  0  0  0  0  0
 0  0  0  1  1  0  0  0  0  0  0  0  0  0  0  0  0  1  1  0  0  0  0  0  0  0  0  0  0  0  0  0  0  0  0  0  1  1  0  0  0  0  0  0  0  0  0  1  0  1
 0  0  0  1  1  0  0  0  0  0  0  0  0  0  0  0  0  1  1  0  0  0  0  0  0  0  0  0  0  0  0  0  0  0  0  0  0  1  0  0  0  0  0  0  1  0  1  1  1  1
 0  0  0  0  1  0  0  0  0  0  0  0  0  0  0  0  1  1  0  0  0  0  0  0  0  0  1  1  1  0  1  0  0  1  1  0  0  1  0  0  0  0  0  0  1  1  1  1  1  1
 0  0  0  0  1  1  0  0  0  0  0  0  0  0  0  1  1  1  0  0  0  0  0  1  1  1  1  1  1  1  1  0  0  1  1  0  0  1  0  0  0  0  0  0  1  1  1  1  1  1
 0  0  0  0  1  1  0  0  0  0  0  0  0  0  1  1  1  1  0  0  1  1  1  1  0  1  1  1  0  1  0  0  0  0  1  0  0  1  0  0  0  0  0  0  0  0  1  1  1  1
 0  0  0  0  1  1  1  0  0  0  0  0  0  0  1  1  1  0  0  1  1  0  0  1  1  1  1  1  0  1  0  0  0  0  1  0  0  1  0  0  0  0  0  0  0  1  0  0  0  1
 0  0  0  0  0  0  1  1  0  0  0  0  0  1  1  1  0  0  1  1  0  0  0  0  1  1  1  0  0  0  0  0  0  0  1  0  0  1  0  0  1  0  0  0  1  1  1  1  1  1
 0  0  0  0  0  0  0  1  0  0  0  0  1  1  0  0  0  1  1  0  0  0  0  0  0  1  0  0  0  0  0  0  0  0  1  0  0  1  1  1  1  0  0  0  1  0  0  0  0  1
 0  0  0  0  0  0  0  0  0  0  0  0  1  1  0  0  1  1  0  0  0  0  0  0  0  0  0  0  0  0  0  0  0  0  1  0  0  0  0  0  1  0  0  0  1  0  0  0  0  0
 0  0  0  0  0  0  0  0  0  0  0  0  1  1  0  0  1  0  0  0  0  0  0  0  0  0  0  0  0  1  1  1  1  0  1  0  0  0  0  0  1  0  0  0  1  0  0  0  0  0
 0  0  0  0  0  0  0  0  0  0  0  0  0  0  0  0  1  0  0  0  0  0  0  0  0  0  0  0  0  1  1  1  1  1  1  0  0  0  1  1  1  0  0  0  1  1  1  1  0  0
 0  0  0  0  0  0  0  0  0  0  0  0  0  0  0  1  1  0  0  0  0  0  0  0  0  0  0  0  0  1  1  1  1  1  0  0  0  0  1  0  0  0  0  0  0  0  0  1  0  0
 0  0  0  0  0  0  0  0  0  0  0  0  0  0  0  1  0  1  0  0  0  0  0  0  0  0  0  0  0  1  1  1  1  1  0  0  0  0  1  0  0  0  0  0  1  0  1  1  0  0
 0  0  0  0  0  0  0  1  0  0  0  1  0  0  0  1  1  1  1  0  0  0  0  0  0  0  0  1  1  1  1  1  1  1  0  0  0  0  1  0  0  0  0  0  1  1  1  1  1  0
 0  0  0  0  0  0  1  1  0  0  0  1  0  0  0  1  1  1  1  1  0  0  0  0  0  0  0  0  0  0  0  1  1  1  0  0  0  0  1  0  0  0  0  0  0  1  1  0  1  1
 0  0  0  0  0  1  1  0  0  0  1  1  1  0  0  1  0  1  1  1  0  0  0  0  0  0  0  0  0  1  1  1  0  0  0  0  0  0  1  0  0  0  0  0  0  1  1  0  0  1
 0  0  0  1  1  1  1  0  0  0  0  1  1  0  0  1  1  1  1  1  0  0  0  0  0  0  0  0  0  0  0  0  0  0  0  0  0  0  0  0  0  0  0  0  0  1  1  0  0  0
 0  0  1  1  1  1  1  0  0  0  0  1  1  0  0  0  1  1  1  1  0  0  0  0  0  0  0  0  0  0  0  0  0  0  0  0  0  0  0  0  0  0  0  0  0  1  1  0  0  1
 0  1  1  1  1  0  0  0  0  0  0  0  1  0  0  0  1  1  1  1  0  0  0  0  0  0  0  0  0  0  0  0  0  0  0  0  0  0  0  0  0  0  0  0  0  1  0  0  1  1
 0  1  1  1  1  0  0  0  0  0  0  0  1  1  0  0  1  1  1  1  1  0  1  0  1  0  0  0  0  1  0  0  0  0  0  0  1  1  1  0  0  0  0  0  0  0  0  0  1  1
 0  1  1  1  1  0  0  0  0  0  0  0  0  1  0  0  1  1  1  1  1  1  1  1  1  0  0  1  1  1  0  0  0  0  0  0  1  0  0  0  0  0  0  0  0  0  0  0  1  1
 0  1  1  1  1  0  0  0  0  0  0  0  1  1  0  0  0  0  1  1  1  1  0  1  0  1  1  1  0  0  0  0  0  0  1  1  1  0  0  0  0  0  0  0  0  0  0  1  1  1
 0  0  1  1  1  1  0  1  1  0  0  0  1  0  0  0  0  0  1  1  1  0  1  1  1  1  0  0  0  0  0  0  0  0  1  1  0  0  0  0  0  0  0  0  0  0  0  1  1  1
 0  0  1  1  0  1  0  1  1  0  0  0  0  0  0  0  0  0  0  1  1  1  1  0  0  0  0  0  0  0  0  0  0  0  1  1  0  0  0  0  0  0  0  0  0  0  0  1  1  1
 0  0  1  1  1  1  1  1  1  0  0  0  0  0  0  0  0  0  0  0  0  0  0  0  0  0  0  0  0  0  0  1  1  1  1  0  1  0  1  0  0  0  0  0  1  0  0  1  1  1
 0  0  0  0  0  0  0  0  0  0  0  0  0  0  0  0  0  0  0  0  0  0  0  0  0  0  0  0  0  0  0  1  0  1  0  1  1  1  1  1  0  0  0  1  1  1  0  1  1  1
